AUTOBUS 236 KAMPUS-Čavićeva

7 00 20 40 
8 00 20 40 
9 00 20 40
10 00 20 40 
11 00 20 40 
12 00 20 40
13 00 20 40 
14 00 20 40
15 00 20 40 
16 00 20 40 
17 00 20 40 
18 00 20 40 
19 00 20 40 
20 00 

Čavićeva-Kampus
6 50
7 10 30 50
8 10 30 50
9 10 30 50
10 10 30 50
11 10 30 50
12 10 30 50
13 10 30 50
14 10 30 50
15 10 30 50
16 10 30 50
17 10 30 50
18 10 30 50
19 10 30 50




AUTOBUS 215 KVATRIC-TRNAVA
PON-PET
4 25 40 4 35 50
5 00 15 30 45 5 05 20 35 50
6 00 10 20 30 40 50 6 05 20 35 45 55
7 00 10 20 30 40 50 7 05 15 25 35 45 55
8 00 10 20 30 40 50 8 05 15 25 35 45 55
9 00 10 20 30 40 50 9 05 15 25 35 45 55
10 00 10 20 30 40 50 10 05 15 25 35 45 55
11 00 10 20 30 40 50 11 05 15 25 35 45 55
12 00 10 20 30 40 50 12 05 15 25 35 45 55
13 00 10 20 30 40 50 13 05 15 25 35 45 55
14 00 10 20 30 40 50 14 05 15 25 35 45 55
15 00 10 20 30 40 50 15 05 15 25 35 45 55
16 00 10 20 30 40 50 16 05 15 25 35 45 55
17 00 13 25 38 50 17 05 15 25 38 50
18 03 15 28 40 55 18 03 15 28 40 53
19 10 25 40 55 19 05 18 30 45
20 10 25 40 55 20 00 15 30 45
21 10 25 45 21 00 15 30 45
22 00 20 40 22 05 20 40
23 00 40 23 00 20
0 0 01
SUB
4 45 4 40
5 05 25 50 5 05 25 45
6 05 20 35 50 6 10 25 40 55
7 05 20 35 50 7 10 25 40 55
8 05 20 35 50 8 10 25 40 55
9 05 20 35 50 9 10 25 40 55
10 05 20 35 50 10 10 25 40 55
11 05 20 35 50 11 10 25 40 55
12 05 20 35 50 12 10 25 40 55
13 05 20 35 50 13 10 25 40 55
14 05 20 35 50 14 10 25 40 55
15 05 20 35 50 15 10 25 40 55
16 05 20 35 50 16 10 25 40 55
17 05 20 35 50 17 10 25 40 55
18 05 20 35 50 18 10 25 40 55
19 05 25 45 19 10 25 45
20 05 25 50 20 05 25 45
21 10 35 55 21 10 30 55
22 15 35 55 22 15 35 55
23 15 35 23 15 35 55
0 0
ipl za 2 tjedna 1600